0000000000001100
0000000000010110
0000000000011101
0000000000101010
0000000000101011
0000000000110000
0000000000110100
0000000000110111
0000000000111011
0000000001000010
0000000000000000
0000000000000000
0000000000000000
0000000000000000
0000000000000000
0000000000000000
0000000000000000
0000000000000000
0000000000000000
0000000000000000
0000000000000000
0000000000000000
0000000000000000
0000000000000000
0000000000000000
0000000000000000
0000000000000000
0000000000000000
0000000000000000
0000000000000000
0000000000000000
0000000000000000
