100110000
001001000
001000001
001000011
001000100
100111000
001000010
100110000
001000101
001000111
100110000
001000110
011100100
100101111
111001010
000110110
001001000
011100100
001000101
011100101
100010001
001000101
011100101
100101111
111001001
000110101
001101000
001001001
100110000
001000001
011101001
110100100
100000001
110100011
011100001
100010001
001000001
011101001
011010000
001001001
110000010
110000101
011100001
000100010
111000110
011100001
001000010
011100001
000100011
111000111
110001000
011100001
001000011
110001000
011100101
100010001
001000101
110000001
011100100
100010001
001000100
011100100
001000110
110000000
011100010
001010110
011100110
100010001
001000110
011100011
001010110
111111111