0000000000000000
0000000000001111
0000000000010100
0000000000010111
0000000000011111
0000000000100001
0000000000101010
0000000000111000
0000000000111011
0000000001000011
0000000000000000
0000000000000000
0000000000000000
0000000000000000
0000000000000000
0000000000000000
0000000000000000
0000000000000000
0000000000000000
0000000000000000
0000000000000000
0000000000000000
0000000000000000
0000000000000000
0000000000000000
0000000000000000
0000000000000000
0000000000000000
0000000000000000
0000000000000000
0000000000000000
0000000000000000
